((("directry" .
   [0 0 0 0 0 0 0 2])
  ("title" .
   [1 0 0 0 0])
  ("mean" .
   [2 0 0 0])
  ("files1" .
   [0 0 0 0 0 1])
  ("file_label" .
   [0 0 0 1 0 0 1 0 0 0])
  ("fs" .
   [1 0])
  ("sigmas_4_alt" .
   [0 0 0 0 0 0 0 0 0 1 0 0])
  ("file_name" .
   [0 0 0 1 0 0 0 0 0])
  ("diffs" .
   [4 0 0 0 1])
  ("legend" .
   [1 0 0 0 0 0])
  ("sigmas_f" .
   [0 0 0 0 0 0 0 2])
  ("sq_sum" .
   [0 0 0 1 0 0])
  ("rms" .
   [3 0 0])
  ("v1" .
   [5 0])
  ("plot" .
   [2 0 0 1])
  ("reds" .
   [2 0 0 1])
  ("file_pat" .
   [0 0 0 1 0 0 1 0])
  ("sigmas_4" .
   [6 0 0 0 0 0 0 0])
  ("matplotlib" .
   [1 0 0 0 0 0 0 0 0 0])
  ("show" .
   [2 0 0 0])
  ("sigmas_3" .
   [4 0 0 0 0 0 2 1])
  ("pyplot" .
   [1 0 0 0 0 0])
  ("sigmas_true" .
   [0 0 0 0 0 0 0 0 0 0 1])
  ("add_sig" .
   [0 0 0 0 0 0 1])
  ("space" .
   [4 0 0 0 0])
  ("lins" .
   [4 0 0 0])
  ("def" .
   [1 0 2])
  ("rank" .
   [1 0 0 0])
  ("argv" .
   [1 0 0 0])
  ("Es_new_pre" .
   [2 0 0 0 0 0 0 0 0 0])
  ("hammingWindow" .
   [0 0 0 0 1 0 0 0 0 0 0 0 0])
  ("sqrt" .
   [3 0 0 0])
  ("add_noise" .
   [0 0 0 0 1 0 0 0 0])
  ("ratio" .
   [2 0 0 0 0])
  ("powers" .
   [1 0 0 0 0 0])
  ("m" .
   [2])
  ("pows" .
   [1 0 0 0])
  ("Es" .
   [8 0])
  ("RSLT3" .
   [1 0 0 0 0])
  ("RSLT2" .
   [2 0 0 0 0])
  ("RSLT0" .
   [2 0 3 1 2])
  ("RSLT1" .
   [3 0 0 0 0])
  ("RSLT" .
   [2 0 0 0])
  ("TSZ" .
   [3 0 0])
  ("reflecs2" .
   [1 0 0 0 0 1 0 0])
  ("dot" .
   [2 0 0])
  ("reduction" .
   [2 0 0 0 0 0 0 0 0])
  ("reflection" .
   [0 0 0 0 0 0 0 1 2 0])
  ("delta_t" .
   [1 0 0 0 0 0 0])
  ("wavelen" .
   [1 0 0 0 0 0 0])
  ("ROT" .
   [1 0 0])
  ("matrix" .
   [1 0 0 0 0 0])
  ("svd_imple" .
   [0 0 0 0 0 0 0 0 1])
  ("f_phase" .
   [0 0 0 0 1 0 0])
  ("f_pow" .
   [0 0 0 0 1])
  ("c_" .
   [1 0])
  ("get_pow_phase" .
   [0 0 0 0 0 0 0 0 0 0 0 0 1])
  ("POWDIFF" .
   [1 0 0 0 1 1 0])
  ("ROTATEs" .
   [0 0 0 0 1 0 0])
  ("RANGEs" .
   [0 0 1 2 0 0])
  ("interp2d" .
   [1 0 0 0 0 0 0 0])
  ("PHASEs" .
   [0 0 0 5 0 0])
  ("POWs" .
   [5 0 0 2])
  ("dbdata_name" .
   [0 0 1 0 0 0 0 0 0 0 0])
  ("keys" .
   [3 0 0 0])
  ("direcs" .
   [6 0 0 0 0 0])
  ("antenna_angle" .
   [0 0 0 0 0 0 1 1 0 0 0 0 0])
  ("rotate" .
   [3 0 0 0 0 0])
  ("R_str" .
   [2 0 0 0 0])
  ("to_s" .
   [1 0 0 0])
  ("to_" .
   [0 0 1])
  ("system" .
   [0 0 1 0 0 0])
  ("ret" .
   [1 0 0])
  ("command" .
   [0 0 0 2 1 0 0])
  ("sec" .
   [2 0 0])
  ("getMaxPow" .
   [0 0 0 0 0 1 0 0 1])
  ("sys" .
   [0 0 1])
  ("size" .
   [6 0 0 0])
  ("Dir" .
   [0 0 1])
  ("output" .
   [3 0 0 0 0 0])
  ("index" .
   [12 0 0 0 5])
  ("OUT" .
   [1 0 0])
  ("join" .
   [1 0 0 0])
  ("read" .
   [1 0 0 0])
  ("write" .
   [2 0 0 0 0])
  ("C::CHR" .
   [2 0 0 0 0 0])
  ("DISS" .
   [2 0 0 0])
  ("Random" .
   [1 0 1 0 0 0])
  ("isIndel" .
   [1 0 0 0 0 0 0])
  ("arr" .
   [8 0 0])
  (":to_s" .
   [1 0 0 0 0])
  ("info" .
   [1 0 0 0])
  ("alt" .
   [1 0 0])
  ("HgmdData" .
   [1 0 0 0 0 0 0 0])
  ("end" .
   [2 0 0])
  ("start" .
   [1 0 0 0 0])
  ("cout" .
   [1 0 0 0])
  ("iostream" .
   [1 0 0 0 0 0 0 0])
  ("re" .
   [1 0])
  ("collate" .
   [1 0 0 0 0 0 0])
  ("endl" .
   [2 0 0 0])
  ("code" .
   [1 0 0 0])
  ("cerr" .
   [2 0 0 0])
  ("parseLine" .
   [0 0 0 0 0 1 0 0 0])
  ("Hgmd" .
   [4 0 0 0])
  ("data" .
   [10 0 0 0])
  ("string" .
   [4 0 0 0 0 0])
  ("std" .
   [15 0 0])
  ("struct" .
   [0 0 0 1 0 0])
  ("name" .
   [1 0 0 0])
  ("require" .
   [0 0 0 0 1 0 0])
  ("loadpath" .
   [0 0 0 0 1 0 0 0])
  ("add-to-list" .
   [0 0 0 0 1 0 0 0 0 0 0])
  ("ac-set-trigger-key" .
   [0 0 1 0 0 0 0 0 0 0 0 0 0 0 0 0 0 0])
  ("Printf" .
   [1 0 0 0 0 0])
  ("fmt" .
   [1 0 0])
  ("ByteReader" .
   [1 0 0 0 0 0 0 0 0 0])
  ("OpenFile" .
   [0 0 0 1 1 0 0 0])
  ("save" .
   [2 0 0 0])
  ("DBI" .
   [1 0 0])
  ("HGMD_sqlite" .
   [1 0 0 0 0 0 0 0 0 0 0])
  ("query_hgmd" .
   [0 0 0 0 1 0 0 0 0 0])
  ("sth" .
   [2 0 0])
  ("dbpath" .
   [1 0 0 0 1 0])
  ("db" .
   [1 0])
  ("1_000_000" .
   [0 0 1 0 0 1 0 0 0])
  ("id" .
   [1 0])
  ("tesA" .
   [1 0 0 0])
  ("config" .
   [2 0 0 0 0 0])
  ("ModA" .
   [2 0 0 0])
  ("par" .
   [2 0 0])
  ("chr" .
   [4 0 0])
  ("pos" .
   [6 0 0])
  ("res" .
   [1 0 0])
  ("__init__" .
   [0 0 0 0 0 0 1 0])
  ("assert" .
   [0 0 0 0 6 0])
  ("d" .
   [5])
  ("degs" .
   [11 0 0 2])
  ("ranges" .
   [9 0 0 1 0 0])
  ("reflecs" .
   [5 0 0 5 1 6 0])
  ("None" .
   [0 0 0 1])
  ("numpy" .
   [5 0 0 1 0])
  ("return" .
   [0 0 0 0 2 2])
  ("min_deg" .
   [2 0 0 0 0 0 2])
  ("max_deg" .
   [1 0 0 0 0 0 1])
  ("resolution" .
   [0 0 0 0 1 0 0 0 0 0])
  ("np" .
   [38 0])
  ("point_num" .
   [0 0 0 0 1 0 0 0 1])
  ("deg" .
   [19 0 0])
  ("ones" .
   [3 0 0 0])
  ("o" .
   [1])
  ("Shape" .
   [0 0 0 1 0])
  ("__name__" .
   [0 0 0 0 3 0 0 0])
  ("mk_cubic" .
   [0 0 0 1 0 0 0 0])
  ("self" .
   [0 0 0 1])
  ("Point" .
   [1 0 0 0 0])
  ("util" .
   [1 0 0 0])
  ("Directivity" .
   [1 0 0 0 0 0 0 0 0 0 1])
  ("csv_file" .
   [0 0 1 0 0 0 0 0])
  ("zeros" .
   [4 0 0 0 1])
  ("mat" .
   [8 0 0])
  ("linspace" .
   [1 0 0 0 2 0 1 1])
  ("angle_min" .
   [1 0 0 0 0 0 0 0 2])
  ("angle_max" .
   [2 0 0 0 0 0 0 0 1])
  ("direc" .
   [5 0 0 0 0])
  ("get_interped_dir" .
   [0 0 0 0 0 0 1 0 0 0 0 0 0 0 0 0])
  ("pinv" .
   [6 0 0 0])
  ("__main__" .
   [0 0 0 0 0 0 0 1])
  ("csv_filename" .
   [2 0 0 0 0 0 0 0 0 0 0 1])
  ("dtype" .
   [1 0 0 0 0])
  ("n_dx" .
   [2 0 1 0])
  ("n_index" .
   [1 0 0 0 1 0 0])
  ("rad" .
   [1 0 0])
  ("degree" .
   [1 0 0 1 0 0])
  ("to_i" .
   [1 0 0 0])
  ("times" .
   [1 0 0 0 0])
  ("map" .
   [8 0 0])
  (":to_i" .
   [1 0 0 0 0])
  ("dlist" .
   [1 0 1 0 0])
  ("File" .
   [1 0 0 0])
  ("max_e" .
   [1 0 0 0 0])
  ("ElectricFieldStrength_vs_Time" .
   [0 0 0 1 0 0 0 0 0 0 0 0 0 0 0 0 0 0 0 0 0 0 0 0 0 0 0 0 0])
  ("elect" .
   [1 0 0 0 0])
  ("time_when_max" .
   [0 0 0 0 0 0 1 1 0 0 0 0 0])
  ("angle" .
   [8 0 1 0 0])
  ("file" .
   [0 0 0 1])
  ("arange" .
   [2 0 0 0 0 0])
  ("enumerate" .
   [0 0 0 1 0 1 0 0 0])
  ("ran" .
   [1 0 0])
  ("loadtxt" .
   [0 0 0 0 1 1 0])
  ("filename" .
   [2 0 1 1 1 0 5 1])
  ("unpack" .
   [1 0 0 1 0 0])
  ("DEGs" .
   [1 0 3 1])
  ("angles" .
   [1 0 0 0 0 0])
  ("POWERs" .
   [1 0 1 7 6 2])
  ("shape" .
   [3 0 0 0 1])
  ("pattern_num" .
   [0 0 0 0 1 6 0 0 0 1 0])
  ("usecol" .
   [1 0 0 1 0 0])
  ("c" .
   [1])
  ("usecols" .
   [1 0 0 1 0 1 0])
  ("pp" .
   [1 0])
  ("plt" .
   [22 0 1])
  ("label" .
   [4 0 0 0 1])
  ("n" .
   [2])
  ("f" .
   [1])
  ("cycle_t" .
   [0 0 0 1 0 0 0])
  ("pow_phases" .
   [0 0 0 0 1 0 0 0 0 0])
  ("diff" .
   [3 0 0 1])
  ("Rs" .
   [6 0])
  ("init" .
   [4 0 0 0])
  ("a" .
   [3])
  ("func_f" .
   [0 0 0 0 0 1])
  ("solx" .
   [6 0 0 0])
  ("sol" .
   [1 0 0])
  ("atan" .
   [1 0 0 0])
  ("pi" .
   [2 0])
  ("range_trans_inv" .
   [0 0 0 0 0 0 0 0 0 0 0 0 2 0 2])
  ("range_trans" .
   [1 0 0 0 0 0 0 0 1 1 0])
  ("Pr" .
   [1 0])
  ("atan2" .
   [1 0 0 0 0])
  ("maxiter" .
   [1 0 0 0 0 0 0])
  ("Vy" .
   [9 0])
  ("height" .
   [2 0 0 0 0 0])
  ("Vy_init" .
   [0 0 0 0 2 0 1])
  ("option" .
   [1 0 0 0 0 0])
  ("ops" .
   [2 0 0])
  ("Vx" .
   [1 0])
  ("yi" .
   [4 0])
  ("xi" .
   [2 0])
  ("Vy_n" .
   [2 0 0 0])
  ("rx" .
   [1 0])
  ("Vy_init_pre" .
   [0 0 0 0 0 0 1 0 0 0 0])
  ("SUMSQ" .
   [1 0 0 0 1])
  ("F_noise" .
   [1 0 1 0 0 0 0])
  ("theta" .
   [9 0 0 0 0])
  ("phi" .
   [2 0 0])
  ("thetaGainDB" .
   [0 0 0 1 0 0 0 0 0 0 0])
  ("phiGainDB" .
   [1 0 0 0 0 0 0 0 0])
  ("phiPhaseDeg" .
   [1 0 0 0 1 0 2 0 0 0 0])
  ("phiGainDb" .
   [0 0 0 1 1 0 0 0 1])
  ("return_interpf" .
   [0 0 0 0 3 1 0 0 0 0 0 0 0 0])
  ("names" .
   [5 0 0 0 0])
  ("interpolate" .
   [0 0 0 0 0 0 0 0 0 1 0])
  ("Fs" .
   [3 0])
  ("return_interps" .
   [0 0 0 0 0 0 0 0 0 0 0 0 0 1])
  ("print" .
   [0 0 0 0 1])
  ("directory" .
   [0 0 0 0 0 1 0 0 0])
  ("rrr" .
   [2 0 0])
  ("Ts_new" .
   [1 0 0 0 0 0])
  ("Es_new" .
   [3 0 0 1 0 0])
  ("fft" .
   [1 0 0])
  ("START_T" .
   [0 0 0 0 0 1 0])
  ("GATE_WID_T" .
   [0 0 0 0 1 0 0 0 0 0])
  ("freqList" .
   [0 0 0 0 5 0 0 0])
  ("scipy" .
   [0 0 0 1 0])
  ("40e9" .
   [1 0 0 0])
  ("find_nearest" .
   [0 0 0 0 1 0 0 0 0 0 0 0])
  ("timestep" .
   [0 0 0 0 0 1 0 0])
  ("timesteps" .
   [0 0 1 0 0 0 0 0 1])
  ("stderr" .
   [2 0 0 0 0 1])
  ("filenames" .
   [0 0 0 0 0 0 1 0 1])
  ("append" .
   [1 0 0 0 0 0])
  ("Eabs" .
   [2 0 0 0])
  ("exp" .
   [1 0 0])
  ("Edeg" .
   [1 0 0 0])
  ("ABSs" .
   [2 0 0 0])
  ("red1" .
   [2 0 0 1])
  ("red0" .
   [2 0 0 0])
  ("fs3" .
   [4 0 0])
  ("files3" .
   [5 0 0 0 0 0])
  ("True" .
   [0 0 1 1])
  ("mean_abs" .
   [0 0 0 0 1 0 0 0])
  ("fs2" .
   [2 0 0])
  ("fs1" .
   [1 0 0])))
